testdata/wl.asc
ncols        40
nrows        50
xllcorner    126001.000000000000
yllcorner    502501.500000000000
cellsize     24.950000000000
[rows 17 to 33 of 50, columns 0 to 38 of 40]
-3999.99609375 -3999.99609375 -0.32570001482963562012 -3999.99609375 -0.31979998946189880371 -0.31830000877380371094 -0.31979998946189880371 -3999.99609375 -0.31340000033378601074 -0.31069999933242797852 -0.3089999854564666748 -0.30649998784065246582 -0.30489999055862426758 -0.30390000343322753906 -3999.99609375 -0.28850001096725463867 -0.27090001106262207031 -0.26980000734329223633 -0.26980000734329223633 -0.26980000734329223633 -3999.99609375 -0.32039999961853027344 -0.24469999969005584717 -0.23759999871253967285 -3999.99609375 -3999.99609375 -0.21999999880790710449 -0.21969999372959136963 -0.21969999372959136963 -0.21960000693798065186 -0.21960000693798065186 -0.21950000524520874023 -0.21940000355243682861 -0.21940000355243682861 -0.21950000524520874023 -0.21950000524520874023 -0.21950000524520874023 -0.21950000524520874023 -0.21950000524520874023
-3999.99609375 -0.32379999756813049316 -0.32390001416206359863 -0.32280001044273376465 -3999.99609375 -0.3174000084400177002 -0.3174000084400177002 -0.31520000100135803223 -0.30930000543594360352 -0.30750000476837158203 -0.3061999976634979248 -0.30399999022483825684 -0.30219998955726623535 -0.30090001225471496582 -0.29490000009536743164 -0.29289999604225158691 -3999.99609375 -0.26899999380111694336 -3999.99609375 -3999.99609375 -3999.99609375 -3999.99609375 -3999.99609375 -0.23489999771118164062 -0.23399999737739562988 -0.22699999809265136719 -0.21969999372959136963 -0.21960000693798065186 -0.21960000693798065186 -0.21960000693798065186 -0.21960000693798065186 -0.21950000524520874023 -0.21940000355243682861 -0.21940000355243682861 -0.21940000355243682861 -0.21950000524520874023 -0.21950000524520874023 -0.21940000355243682861 -0.21950000524520874023
-3999.99609375 -0.32370001077651977539 -0.32310000061988830566 -0.32139998674392700195 -0.31799998879432678223 -0.31650000810623168945 -0.31560000777244567871 -0.31279999017715454102 -0.30889999866485595703 -0.30680000782012939453 -0.30460000038146972656 -0.30140000581741333008 -0.29969999194145202637 -0.29429998993873596191 -0.29069998860359191895 -0.29019999504089355469 -0.27509999275207519531 -0.26620000600814819336 -0.26300001144409179688 -0.2569999992847442627 -0.25 -0.24670000374317169189 -0.24079999327659606934 -0.23569999635219573975 -0.23379999399185180664 -0.22830000519752502441 -0.21979999542236328125 -0.21960000693798065186 -0.21960000693798065186 -0.21950000524520874023 -0.21950000524520874023 -0.21950000524520874023 -0.21950000524520874023 -0.21940000355243682861 -0.21940000355243682861 -0.21940000355243682861 -0.21940000355243682861 -0.21940000355243682861 -0.21940000355243682861
-0.32589998841285705566 -0.32440000772476196289 -0.32249999046325683594 -0.31900000572204589844 -0.31709998846054077148 -0.31619998812675476074 -0.31499999761581420898 -0.31150001287460327148 -0.30739998817443847656 -0.30450001358985900879 -0.30099999904632568359 -0.29570001363754272461 -0.29269999265670776367 -0.28799998760223388672 -0.28729999065399169922 -0.28380000591278076172 -0.27379998564720153809 -0.26579999923706054688 -0.26120001077651977539 -3999.99609375 -0.24729999899864196777 -0.24650000035762786865 -3999.99609375 -3999.99609375 -0.24060000479221343994 -0.24029999971389770508 -3999.99609375 -0.21950000524520874023 -0.21950000524520874023 -0.21950000524520874023 -0.21950000524520874023 -0.21950000524520874023 -0.21940000355243682861 -0.21940000355243682861 -0.21940000355243682861 -0.21940000355243682861 -0.21940000355243682861 -0.21930000185966491699 -0.21930000185966491699
-0.32429999113082885742 -3999.99609375 -3999.99609375 -0.31709998846054077148 -0.31639999151229858398 -0.31520000100135803223 -0.31340000033378601074 -0.31049999594688415527 -0.30680000782012939453 -0.30189999938011169434 -0.29829999804496765137 -0.29030001163482666016 -0.28650000691413879395 -0.28529998660087585449 -0.28429999947547912598 -0.27779999375343322754 -0.27039998769760131836 -0.26390001177787780762 -0.25879999995231628418 -0.25260001420974731445 -0.24670000374317169189 -0.24629999697208404541 -0.24539999663829803467 -3999.99609375 -0.24140000343322753906 -0.22820000350475311279 -0.22360000014305114746 -0.21950000524520874023 -0.21950000524520874023 -0.21950000524520874023 -0.21950000524520874023 -0.21950000524520874023 -0.21950000524520874023 -0.21940000355243682861 -0.21940000355243682861 -0.21940000355243682861 -0.21930000185966491699 -0.21930000185966491699 -0.21930000185966491699
-0.32109999656677246094 -0.31839999556541442871 -0.3174000084400177002 -0.31639999151229858398 -0.31610000133514404297 -0.31520000100135803223 -0.3125 -0.31119999289512634277 -3999.99609375 -0.2967999875545501709 -3999.99609375 -0.28589999675750732422 -0.2856000065803527832 -0.28319999575614929199 -0.28159999847412109375 -0.27399998903274536133 -0.26859998703002929688 -0.26159998774528503418 -0.25619998574256896973 -0.25299999117851257324 -0.24699999392032623291 -0.24549999833106994629 -0.24410000443458557129 -0.24289999902248382568 -0.2423000037670135498 -3999.99609375 -0.22619999945163726807 -0.21950000524520874023 -0.21950000524520874023 -0.21950000524520874023 -0.21950000524520874023 -0.21940000355243682861 -0.21940000355243682861 -0.21940000355243682861 -0.21940000355243682861 -0.21930000185966491699 -0.21930000185966491699 -0.21930000185966491699 -0.21930000185966491699
-0.31900000572204589844 -0.31799998879432678223 -0.31679999828338623047 -0.31589999794960021973 -0.31589999794960021973 -0.3145999908447265625 -0.31029999256134033203 -0.30979999899864196777 -0.29510000348091125488 -0.29210001230239868164 -3999.99609375 -0.28479999303817749023 -0.28400000929832458496 -0.27869999408721923828 -0.27459999918937683105 -0.26980000734329223633 -0.26589998602867126465 -0.25850000977516174316 -0.25319999456405639648 -0.24909999966621398926 -0.24519999325275421143 -0.24469999969005584717 -0.24379999935626983643 -0.24320000410079956055 -0.24240000545978546143 -0.24199999868869781494 -0.24189999699592590332 -3999.99609375 -0.21770000457763671875 -0.21780000627040863037 -0.21889999508857727051 -0.21889999508857727051 -0.21940000355243682861 -0.21940000355243682861 -0.21930000185966491699 -0.21930000185966491699 -0.21930000185966491699 -0.21930000185966491699 -0.21920000016689300537
-0.31769999861717224121 -0.3167000114917755127 -0.31580001115798950195 -0.31540000438690185547 -0.31540000438690185547 -0.31529998779296875 -3999.99609375 -3999.99609375 -0.28830000758171081543 -0.28670001029968261719 -0.28459998965263366699 -0.28049999475479125977 -0.27469998598098754883 -0.27110001444816589355 -0.2685000002384185791 -0.26629999279975891113 -0.26379999518394470215 -0.25549998879432678223 -0.24869999289512634277 -0.24619999527931213379 -0.24500000476837158203 -0.2443999946117401123 -0.24379999935626983643 -0.24349999427795410156 -0.24210000038146972656 -0.24169999361038208008 -0.22789999842643737793 -0.21729999780654907227 -0.21580000221729278564 -0.21570000052452087402 -0.2162999957799911499 -0.21719999611377716064 -0.21889999508857727051 -0.21920000016689300537 -0.21930000185966491699 -0.21930000185966491699 -0.21930000185966491699 -0.21920000016689300537 -0.21899999678134918213
-0.31659999489784240723 -0.31589999794960021973 -0.31510001420974731445 -0.3145999908447265625 -0.31499999761581420898 -3999.99609375 -3999.99609375 -0.31209999322891235352 -3999.99609375 -0.28389999270439147949 -0.28360000252723693848 -0.27169999480247497559 -0.26620000600814819336 -0.26539999246597290039 -0.26679998636245727539 -0.26510000228881835938 -0.26199999451637268066 -0.2520999908447265625 -0.24709999561309814453 -0.24580000340938568115 -0.24490000307559967041 -0.24420000612735748291 -0.24359999597072601318 -3999.99609375 -0.2340999990701675415 -0.22810000181198120117 -0.21770000457763671875 -0.21639999747276306152 -0.2142000049352645874 -0.21430000662803649902 -0.2142000049352645874 -0.2149000018835067749 -0.21760000288486480713 -0.21889999508857727051 -0.21920000016689300537 -0.21920000016689300537 -0.2162999957799911499 -0.21099999547004699707 -0.21029999852180480957
-0.31549999117851257324 -0.31490001082420349121 -0.31380000710487365723 -0.3131999969482421875 -0.31340000033378601074 -3999.99609375 -0.31209999322891235352 -0.31209999322891235352 -3999.99609375 -0.27439999580383300781 -3999.99609375 -0.25720000267028808594 -0.25810000300407409668 -0.25720000267028808594 -0.25589999556541442871 -3999.99609375 -3999.99609375 -0.24719999730587005615 -0.24639999866485595703 -0.24539999663829803467 -0.2443999946117401123 -0.24320000410079956055 -0.24199999868869781494 -0.23350000381469726562 -0.22750000655651092529 -3999.99609375 -0.2169999927282333374 -3999.99609375 -0.2136999964714050293 -0.21389999985694885254 -0.21400000154972076416 -0.2143999934196472168 -0.21449999511241912842 -0.21250000596046447754 -0.21140000224113464355 -0.21070000529289245605 -0.21050000190734863281 -0.21009999513626098633 -0.21009999513626098633
-0.31409999728202819824 -0.31400001049041748047 -0.31220000982284545898 -0.31119999289512634277 -0.31169998645782470703 -0.31200000643730163574 -0.31209999322891235352 -0.31209999322891235352 -3999.99609375 -0.26289999485015869141 -0.25389999151229858398 -0.25479999184608459473 -0.2535000145435333252 -0.25189998745918273926 -0.248600006103515625 -0.24709999561309814453 -0.24680000543594360352 -0.24690000712871551514 -0.24539999663829803467 -0.24449999630451202393 -0.24390000104904174805 -0.2417999953031539917 -0.23989999294281005859 -0.23209999501705169678 -0.22349999845027923584 -0.21780000627040863037 -0.21539999544620513916 -0.21330000460147857666 -0.21320000290870666504 -0.21320000290870666504 -0.21269999444484710693 -0.21199999749660491943 -0.21140000224113464355 -0.21099999547004699707 -0.21060000360012054443 -0.21019999682903289795 -0.21009999513626098633 -0.21009999513626098633 -0.21009999513626098633
-0.30939999222755432129 -3999.99609375 -0.30489999055862426758 -0.30610001087188720703 -3999.99609375 -3999.99609375 -3999.99609375 -3999.99609375 -3999.99609375 -3999.99609375 -0.25060001015663146973 -0.25040000677108764648 -0.24950000643730163574 -0.24869999289512634277 -0.24750000238418579102 -0.24670000374317169189 -0.24639999866485595703 -3999.99609375 -0.23980000615119934082 -0.2436999976634979248 -3999.99609375 -0.23260000348091125488 -0.22920000553131103516 -3999.99609375 -0.2169999927282333374 -0.2155999988317489624 -0.21410000324249267578 -0.21289999783039093018 -0.21269999444484710693 -0.21199999749660491943 -0.21150000393390655518 -0.21130000054836273193 -0.21109999716281890869 -0.21050000190734863281 -0.21009999513626098633 -0.21009999513626098633 -0.21009999513626098633 -0.21009999513626098633 -0.21009999513626098633
-0.3048000037670135498 -3999.99609375 -0.29559999704360961914 -0.29730001091957092285 -3999.99609375 -3999.99609375 -0.2556000053882598877 -0.25090000033378601074 -0.24940000474452972412 -0.24770000576972961426 -0.24770000576972961426 -0.24719999730587005615 -0.24719999730587005615 -0.24680000543594360352 -0.24619999527931213379 -0.24560000002384185791 -0.24510000646114349365 -3999.99609375 -0.22980000078678131104 -0.23229999840259552002 -3999.99609375 -0.22499999403953552246 -0.21819999814033508301 -0.21590000391006469727 -0.21520000696182250977 -0.21449999511241912842 -0.21320000290870666504 -0.2123000025749206543 -0.21150000393390655518 -0.21050000190734863281 -0.21040000021457672119 -0.21019999682903289795 -0.21019999682903289795 -0.21009999513626098633 -0.21009999513626098633 -0.21009999513626098633 -0.21009999513626098633 -0.21009999513626098633 -0.20999999344348907471
-0.30090001225471496582 -0.29490000009536743164 -0.29280000925064086914 -0.29139998555183410645 -0.27559998631477355957 -0.26249998807907104492 -0.26019999384880065918 -3999.99609375 -3999.99609375 -0.24699999392032623291 -0.24690000712871551514 -0.24650000035762786865 -0.24580000340938568115 -0.24519999325275421143 -0.24469999969005584717 -0.24429999291896820068 -0.24379999935626983643 -3999.99609375 -0.22789999842643737793 -0.22730000317096710205 -3999.99609375 -3999.99609375 -0.21709999442100524902 -0.21520000696182250977 -0.2142000049352645874 -0.21389999985694885254 -0.21209999918937683105 -0.21099999547004699707 -0.21029999852180480957 -0.21019999682903289795 -0.21019999682903289795 -0.21019999682903289795 -0.21009999513626098633 -0.21009999513626098633 -0.21009999513626098633 -0.21009999513626098633 -0.21009999513626098633 -0.21009999513626098633 -0.21009999513626098633
-0.29949998855590820312 -0.29170000553131103516 -0.28880000114440917969 -0.28690001368522644043 -3999.99609375 -0.26120001077651977539 -0.25780001282691955566 -0.25060001015663146973 -0.24670000374317169189 -0.24650000035762786865 -0.24609999358654022217 -0.24519999325275421143 -0.24400000274181365967 -0.24320000410079956055 -0.24250000715255737305 -0.24140000343322753906 -0.24060000479221343994 -0.23240000009536743164 -0.22650000452995300293 -0.22560000419616699219 -3999.99609375 -3999.99609375 -0.2136999964714050293 -0.21410000324249267578 -0.21310000121593475342 -3999.99609375 -0.21040000021457672119 -0.21029999852180480957 -0.21019999682903289795 -0.21019999682903289795 -0.21019999682903289795 -0.21019999682903289795 -0.21009999513626098633 -0.21009999513626098633 -0.21009999513626098633 -0.21009999513626098633 -0.21009999513626098633 -0.21009999513626098633 -0.21009999513626098633
-0.28949999809265136719 -0.28569999337196350098 -0.28169998526573181152 -0.28099998831748962402 -3999.99609375 -3999.99609375 -0.25180000066757202148 -0.24959999322891235352 -0.24690000712871551514 -0.24609999358654022217 -0.24510000646114349365 -0.24390000104904174805 -0.24259999394416809082 -0.24099999666213989258 -0.23950000107288360596 -0.23810000717639923096 -0.23720000684261322021 -3999.99609375 -0.22460000216960906982 -0.22249999642372131348 -3999.99609375 -0.21050000190734863281 -0.21050000190734863281 -3999.99609375 -0.21029999852180480957 -0.21029999852180480957 -0.21029999852180480957 -0.21019999682903289795 -0.21019999682903289795 -0.21019999682903289795 -0.21019999682903289795 -0.21019999682903289795 -0.21009999513626098633 -0.21009999513626098633 -0.21009999513626098633 -0.21009999513626098633 -0.21009999513626098633 -0.21009999513626098633 -0.21009999513626098633
-3999.99609375 -0.28080001473426818848 -0.28069999814033508301 -0.28009998798370361328 -0.27360001206398010254 -0.26330000162124633789 -0.25130000710487365723 -0.24989999830722808838 -0.24729999899864196777 -0.24580000340938568115 -0.24449999630451202393 -0.24289999902248382568 -0.24089999496936798096 -0.23860000073909759521 -0.23700000345706939697 -0.23450000584125518799 -0.23170000314712524414 -0.22779999673366546631 -3999.99609375 -0.21729999780654907227 -0.21400000154972076416 -0.21099999547004699707 -0.21040000021457672119 -0.21029999852180480957 -0.21029999852180480957 -0.21029999852180480957 -0.21029999852180480957 -0.21029999852180480957 -0.21029999852180480957 -0.21019999682903289795 -0.21019999682903289795 -0.21019999682903289795 -0.21009999513626098633 -0.21009999513626098633 -0.21009999513626098633 -0.21009999513626098633 -0.21009999513626098633 -0.21009999513626098633 -0.21009999513626098633
