testdata/wl.asc
ncols        40
nrows        50
xllcorner    126001.000000000000
yllcorner    502501.500000000000
cellsize     24.950000000000
[rows 0 to 16 of 50, columns 0 to 38 of 40]
-0.32760000228881835938 -0.33320000767707824707 -0.32570001482963562012 -0.32559999823570251465 -3999.99609375 -3999.99609375 -0.40880000591278076172 -0.40070000290870666504 -0.40139999985694885254 -0.3955999910831451416 -0.39109998941421508789 -0.38989999890327453613 -0.38989999890327453613 -0.39039999246597290039 -0.39230000972747802734 -0.39219999313354492188 -3999.99609375 -0.38109999895095825195 -0.3806000053882598877 -0.3799000084400177002 -3999.99609375 -3999.99609375 -3999.99609375 -0.37779998779296875 -3999.99609375 -0.37479999661445617676 -0.37580001354217529297 -0.37810000777244567871 -3999.99609375 -0.40169999003410339355 -0.40909999608993530273 -0.42140001058578491211 -0.44119998812675476074 -0.44909998774528503418 -0.44870001077651977539 -0.43130001425743103027 -3999.99609375 -3999.99609375 -0.6553999781608581543
-0.32550001144409179688 -0.32640001177787780762 -0.32530000805854797363 -0.32550001144409179688 -0.32559999823570251465 -0.32559999823570251465 -3999.99609375 -0.39550000429153442383 -0.39469999074935913086 -0.39219999313354492188 -0.39030000567436218262 -0.38989999890327453613 -0.38989999890327453613 -0.38989999890327453613 -0.38989999890327453613 -0.38989999890327453613 -0.38429999351501464844 -0.38010001182556152344 -0.37979999184608459473 -0.37819999456405639648 -0.375 -0.37209999561309814453 -0.37189999222755432129 -3999.99609375 -0.37070000171661376953 -0.3714999854564666748 -0.37259998917579650879 -0.37450000643730163574 -0.38359999656677246094 -0.39259999990463256836 -3999.99609375 -3999.99609375 -0.41080000996589660645 -3999.99609375 -0.42660000920295715332 -0.4162000119686126709 -3999.99609375 -3999.99609375 -3999.99609375
-0.32440000772476196289 -0.32480001449584960938 -0.32460001111030578613 -3999.99609375 -3999.99609375 -0.32559999823570251465 -3999.99609375 -0.39190000295639038086 -0.39109998941421508789 -0.39019998908042907715 -0.39010000228881835938 -0.38989999890327453613 -0.38980001211166381836 -0.38960000872611999512 -0.38820001482963562012 -0.38760000467300415039 -3999.99609375 -0.3792000114917755127 -3999.99609375 -0.37729999423027038574 -3999.99609375 -0.37200000882148742676 -0.37160000205039978027 -0.37119999527931213379 -0.37040001153945922852 -0.36890000104904174805 -0.36829999089241027832 -0.36790001392364501953 -3999.99609375 -0.3914000093936920166 -0.38899999856948852539 -0.38600000739097595215 -0.38710001111030578613 -0.38730001449584960938 -0.41150000691413879395 -0.41539999842643737793 -3999.99609375 -3999.99609375 -3999.99609375
-0.32100000977516174316 -3999.99609375 -0.32420000433921813965 -3999.99609375 -3999.99609375 -3999.99609375 -3999.99609375 -0.39010000228881835938 -0.38730001449584960938 -0.38640001416206359863 -0.38370001316070556641 -3999.99609375 -0.38460001349449157715 -0.38440001010894775391 -0.38370001316070556641 -0.38260000944137573242 -0.37950000166893005371 -0.37860000133514404297 -0.37779998779296875 -0.37630000710487365723 -0.37310001254081726074 -0.37229999899864196777 -0.37169998884201049805 -0.37119999527931213379 -0.36169999837875366211 -0.35830000042915344238 -0.3564999997615814209 -0.35550001263618469238 -3999.99609375 -0.3914000093936920166 -3999.99609375 -0.38400000333786010742 -0.38010001182556152344 -0.37819999456405639648 -3999.99609375 -0.4147999882698059082 -0.41560000181198120117 -0.42170000076293945312 -0.42199999094009399414
-0.31499999761581420898 -0.3194999992847442627 -0.32319998741149902344 -3999.99609375 -0.3652000129222869873 -0.3729000091552734375 -0.38490000367164611816 -3999.99609375 -0.38179999589920043945 -0.38069999217987060547 -0.37810000777244567871 -0.37779998779296875 -0.37950000166893005371 -0.38040000200271606445 -0.38029998540878295898 -0.37979999184608459473 -0.37880000472068786621 -0.37819999456405639648 -0.37799999117851257324 -3999.99609375 -0.36750000715255737305 -3999.99609375 -0.35550001263618469238 -3999.99609375 -0.34679999947547912598 -0.34549999237060546875 -0.34389999508857727051 -0.34070000052452087402 -0.32539999485015869141 -3999.99609375 -3999.99609375 -3999.99609375 -0.36100000143051147461 -0.36509999632835388184 -0.376399993896484375 -0.4113000035285949707 -0.41650000214576721191 -0.43009999394416809082 -3999.99609375
-0.31420001387596130371 -0.31979998946189880371 -0.32589998841285705566 -0.34040001034736633301 -0.35609999299049377441 -0.37029999494552612305 -0.38429999351501464844 -0.37950000166893005371 -0.3785000145435333252 -0.37760001420974731445 -0.37670001387596130371 -0.37659999728202819824 -0.37760001420974731445 -0.37819999456405639648 -0.37839999794960021973 -0.37839999794960021973 -0.37810000777244567871 -0.37749999761581420898 -3999.99609375 -0.36100000143051147461 -0.36100000143051147461 -0.35740000009536743164 -0.34940001368522644043 -0.34290000796318054199 -0.34220001101493835449 -0.3352000117301940918 -0.33219999074935913086 -0.33000001311302185059 -0.3201999962329864502 -0.31850001215934753418 -0.32060000300407409668 -0.32530000805854797363 -0.33809998631477355957 -0.34700000286102294922 -0.36300000548362731934 -0.40059998631477355957 -0.42509999871253967285 -0.46619999408721923828 -0.49590000510215759277
-0.3160000145435333252 -0.32049998641014099121 -0.32690000534057617188 -0.34049999713897705078 -0.35429999232292175293 -0.36739999055862426758 -0.38389998674392700195 -0.37779998779296875 -0.37560001015663146973 -0.37479999661445617676 -0.37439998984336853027 -0.37520000338554382324 -0.37610000371932983398 -0.37619999051094055176 -0.37509998679161071777 -0.37409999966621398926 -0.37180000543594360352 -0.36759999394416809082 -0.36230000853538513184 -0.36090001463890075684 -0.3585999906063079834 -0.35429999232292175293 -0.34790000319480895996 -0.34319999814033508301 -3999.99609375 -0.32409998774528503418 -0.32199999690055847168 -0.31769999861717224121 -0.31420001387596130371 -0.31549999117851257324 -0.31650000810623168945 -0.32220000028610229492 -0.32940000295639038086 -0.33829998970031738281 -0.34909999370574951172 -3999.99609375 -0.43770000338554382324 -0.49880000948905944824 -0.49900001287460327148
-0.31909999251365661621 -0.32060000300407409668 -0.32330000400543212891 -0.3296000063419342041 -3999.99609375 -0.36750000715255737305 -3999.99609375 -0.3707999885082244873 -0.37090000510215759277 -0.37110000848770141602 -0.37169998884201049805 -0.37209999561309814453 -0.3743000030517578125 -0.37400001287460327148 -0.37020000815391540527 -0.3700999915599822998 -0.36790001392364501953 -0.36359998583793640137 -0.36239999532699584961 -0.36149999499320983887 -3999.99609375 -3999.99609375 -0.32129999995231628418 -0.3282000124454498291 -0.31270000338554382324 -0.31779998540878295898 -0.31510001420974731445 -0.31349998712539672852 -0.31279999017715454102 -0.31540000438690185547 -0.3160000145435333252 -0.31650000810623168945 -0.31940001249313354492 -0.32690000534057617188 -3999.99609375 -3999.99609375 -3999.99609375 -0.49900001287460327148 -0.49909999966621398926
-0.32379999756813049316 -0.32469999790191650391 -0.32359999418258666992 -3999.99609375 -3999.99609375 -3999.99609375 -3999.99609375 -0.36439999938011169434 -0.36579999327659606934 -0.36700001358985900879 -0.36809998750686645508 -0.3686999976634979248 -3999.99609375 -3999.99609375 -0.36199998855590820312 -3999.99609375 -3999.99609375 -0.35359999537467956543 -0.31909999251365661621 -3999.99609375 -0.29789999127388000488 -3999.99609375 -0.29919999837875366211 -3999.99609375 -0.30070000886917114258 -3999.99609375 -0.31189998984336853027 -0.31259998679161071777 -0.31240001320838928223 -0.31290000677108764648 -0.31589999794960021973 -0.31650000810623168945 -0.31659999489784240723 -0.31920000910758972168 -3999.99609375 -3999.99609375 -0.49700000882148742676 -0.49880000948905944824 -0.49909999966621398926
-0.33349999785423278809 -0.34380000829696655273 -3999.99609375 -3999.99609375 -3999.99609375 -3999.99609375 -0.35519999265670776367 -0.35740000009536743164 -0.35969999432563781738 -0.36160001158714294434 -0.36329999566078186035 -0.36550000309944152832 -3999.99609375 -0.3495000004768371582 -0.35040000081062316895 -0.33579999208450317383 -0.33390000462532043457 -0.32800000905990600586 -0.3125 -3999.99609375 -0.29789999127388000488 -0.29739999771118164062 -0.29710000753402709961 -0.29580000042915344238 -0.29620000720024108887 -0.29890000820159912109 -0.30630001425743103027 -0.31079998612403869629 -0.31209999322891235352 -3999.99609375 -3999.99609375 -0.31650000810623168945 -0.31650000810623168945 -0.31549999117851257324 -3999.99609375 -0.49459999799728393555 -0.49489998817443847656 -0.49840000271797180176 -0.49900001287460327148
-0.34099999070167541504 -0.3551000058650970459 -3999.99609375 -3999.99609375 -0.3558000028133392334 -0.3551000058650970459 -0.3551000058650970459 -0.35519999265670776367 -0.35559999942779541016 -0.35659998655319213867 -0.35569998621940612793 -0.35550001263618469238 -0.35199999809265136719 -0.34889999032020568848 -0.33880001306533813477 -0.32719999551773071289 -3999.99609375 -0.30570000410079956055 -0.30250000953674316406 -0.30039998888969421387 -0.29879999160766601562 -0.29690000414848327637 -0.29580000042915344238 -0.29570001363754272461 -0.29559999704360961914 -0.29580000042915344238 -0.30160000920295715332 -0.31029999256134033203 -0.31049999594688415527 -0.30469998717308044434 -0.30860000848770141602 -0.31650000810623168945 -0.31310001015663146973 -0.30779999494552612305 -3999.99609375 -0.49239999055862426758 -0.48829999566078186035 -0.49210000038146972656 -0.49799999594688415527
-0.33419999480247497559 -0.36779999732971191406 -3999.99609375 -0.35530000925064086914 -0.35519999265670776367 -0.3551000058650970459 -0.3551000058650970459 -0.3551000058650970459 -0.3551000058650970459 -0.35469999909400939941 -0.35460001230239868164 -0.35460001230239868164 -0.3522999882698059082 -0.34330001473426818848 -0.32899999618530273438 -0.31499999761581420898 -0.30469998717308044434 -0.30320000648498535156 -0.30219998955726623535 -0.30120000243186950684 -0.30019998550415039062 -0.29760000109672546387 -0.29600000381469726562 -0.29550001025199890137 -0.2953999936580657959 -0.29530000686645507812 -0.29580000042915344238 -0.29910001158714294434 -0.30070000886917114258 -0.30160000920295715332 -0.30500000715255737305 -0.30570000410079956055 -0.30030000209808349609 -0.27959999442100524902 -3999.99609375 -3999.99609375 -0.47040000557899475098 -0.47420001029968261719 -0.48750001192092895508
-3999.99609375 -0.36259999871253967285 -0.35910001397132873535 -0.35600000619888305664 -0.35479998588562011719 -0.35479998588562011719 -0.3551000058650970459 -0.3551000058650970459 -0.35499998927116394043 -0.35460001230239868164 -0.35460001230239868164 -0.35460001230239868164 -0.35310000181198120117 -0.34130001068115234375 -0.3282000124454498291 -0.31400001049041748047 -0.30379998683929443359 -0.30309998989105224609 -0.30239999294281005859 -0.30050000548362731934 -0.29940000176429748535 -0.29769998788833618164 -0.29600000381469726562 -0.2953999936580657959 -0.2953999936580657959 -0.29510000348091125488 -0.2939999997615814209 -0.2933000028133392334 -0.29480001330375671387 -0.29949998855590820312 -3999.99609375 -3999.99609375 -3999.99609375 -0.23090000450611114502 -0.2232999950647354126 -3999.99609375 -0.39469999074935913086 -0.43290001153945922852 -0.4623000025749206543
-0.36019998788833618164 -0.36010000109672546387 -0.35730001330375671387 -0.35479998588562011719 -0.35469999909400939941 -0.35469999909400939941 -0.3529999852180480957 -0.3495000004768371582 -0.34700000286102294922 -0.34729999303817749023 -0.34929999709129333496 -0.35310000181198120117 -3999.99609375 -3999.99609375 -0.32150000333786010742 -3999.99609375 -3999.99609375 -0.30309998989105224609 -3999.99609375 -0.29960000514984130859 -0.29919999837875366211 -0.29710000753402709961 -0.29530000686645507812 -0.29510000348091125488 -0.2946999967098236084 -0.29390001296997070312 -0.28589999675750732422 -0.28470000624656677246 -0.29139998555183410645 -3999.99609375 -3999.99609375 -3999.99609375 -3999.99609375 -0.22220000624656677246 -0.21979999542236328125 -0.22169999778270721436 -0.28380000591278076172 -0.36899998784065246582 -0.42660000920295715332
-3999.99609375 -3999.99609375 -3999.99609375 -0.35400000214576721191 -0.3544000089168548584 -0.35330000519752502441 -0.34659999608993530273 -0.34220001101493835449 -0.33680000901222229004 -0.3366000056266784668 -0.33719998598098754883 -3999.99609375 -0.30730000138282775879 -0.3075999915599822998 -0.31229999661445617676 -0.30950000882148742676 -3999.99609375 -3999.99609375 -3999.99609375 -3999.99609375 -3999.99609375 -0.29589998722076416016 -0.29519999027252197266 -0.29499998688697814941 -0.29150000214576721191 -0.28069999814033508301 -0.2664000093936920166 -0.26330000162124633789 -0.26140001416206359863 -3999.99609375 -0.21960000693798065186 -0.21960000693798065186 -0.21950000524520874023 -0.21960000693798065186 -0.21960000693798065186 -0.21969999372959136963 -0.22149999439716339111 -0.25690001249313354492 -0.2775999903678894043
-0.3467000126838684082 -0.3467000126838684082 -0.34659999608993530273 -0.35130000114440917969 -0.35330000519752502441 -3999.99609375 -0.3366000056266784668 -0.33709999918937683105 -0.3330999910831451416 -0.32800000905990600586 -0.32600000500679016113 -0.31139999628067016602 -0.30700001120567321777 -0.3068999946117401123 -3999.99609375 -0.30770000815391540527 -3999.99609375 -3999.99609375 -3999.99609375 -3999.99609375 -3999.99609375 -3999.99609375 -3999.99609375 -3999.99609375 -0.25459998846054077148 -0.25810000300407409668 -0.25499999523162841797 -0.23690000176429748535 -0.22930000722408294678 -0.22069999575614929199 -0.21960000693798065186 -0.21960000693798065186 -0.21950000524520874023 -0.21950000524520874023 -0.21950000524520874023 -0.21950000524520874023 -0.21960000693798065186 -0.2212000042200088501 -0.22730000317096710205
-3999.99609375 -3999.99609375 -0.33559998869895935059 -3999.99609375 -3999.99609375 -3999.99609375 -0.3282000124454498291 -3999.99609375 -0.31929999589920043945 -0.3167000114917755127 -0.31400001049041748047 -0.30840000510215759277 -0.30649998784065246582 -0.30579999089241027832 -0.30599999427795410156 -0.30640000104904174805 -3999.99609375 -3999.99609375 -3999.99609375 -3999.99609375 -3999.99609375 -3999.99609375 -0.23919999599456787109 -0.23909999430179595947 -0.24099999666213989258 -0.24320000410079956055 -0.22579999268054962158 -0.2205000072717666626 -0.21999999880790710449 -0.21960000693798065186 -0.21960000693798065186 -0.21950000524520874023 -0.21950000524520874023 -0.21950000524520874023 -0.21950000524520874023 -0.21950000524520874023 -0.21950000524520874023 -0.21950000524520874023 -0.21969999372959136963
